219 1409 1645 2211 3582 7002 10556 10941 11874 12343 13793 13924 14658 15695 18046 22209 22963 24001 24849 26130 27384 29081 32589 33173 33268
 38399 39860 40749 41250 41948 43370 44810 46185 46525 47791 47891 48164 48639 48906 49132 49773 50031 50200 50576 52464 52959 52974 58183 61328
61354 62328 63071 63397 64893 65002 65192 65241 67089 67727 67962 69759 70524 70953 72067 72719 73787 75647 75916 76622 78401 81640 81703 84369
85546 85598 86000 88715 89399 89411 89482 91218 94005 94979 95492 95494 95562 95605 97180 97849 98013 98391 98832 99733 100459 101459 102137
 102389 103166 104598 105076 105219 105364 105915 110608 112434 115042 115791 117220 119048 123315 125147 125364 125439 128317 133540 133777
134930 135095 135588 135934 136184 136671 136981 137151 139052 142399 145331 148070 148413 148700 150008 150326 150764 151406 153754 155069
155621 156593 157575 157906 161036 161457 164388 164474 164580 164750 164806 165416 166842 168099 169539 170542 170911 171345 171743 174305
175651 177968 178306 181120 185236 187100 187494 187867 190219 191071 192513 192753 193778 194865 195019 196462 196890 199301 200351 202275
203034 204267 204697 204994 205899 207016 209288 209504 210389 211009 211340 211843 212241 212370 213654 214985 215609 216326 216521 216667
216868 217357 220055 221162 221370 221708 224380 224677 224701 229942 230571 231232 232410 232987 234322 234390 237639 238525 242331 243324
244460 246744 247417 247644 247723 249651 249753 250312 250652 251273 252515 253054 253106 254583 255064 256293 257526 257801 257931 259203 261082
262240 262939 263172 263538 263924 263960 264397 266346 267026 268253 268961 268968 269443 269589 270618 271097 272762 275951 276290 277773 278339
278825 279611 279928 280027 281500 282108 285665 285802 285839 286152 286359 286497 287127 287847 288984 289880 290086 292104 293518 293892 294653
295060 296733 296891 297536 297750 298721 300861 302161 302309 302545 305382 305538 307143 307574 309393 310434 311183 311562 314033 315737
316414 318932 318987 321481 322726 323954 324686 325037 325267 327514 327758 329516 332453 332938 333199 334131 334626 334862 336027 339145
339330 339526 341452 341820 341941 342480 343607 344467 345694 346860 347378 349789 350509 352371 352663 354199 354469 354510 359140 359800
360729 362614 364748 367265 370375 371402 371966 373182 373880 376183 376419 377015 377590 377938 380926 381459 381721 382079 383200 383287
383602 384445 385652 386825 388167 388674 389560 391302 391565 391568 393286 393387 394188 395209 395935 397068 397716 398382 398689 399057
399500 400750 401271 401613 401677 403480 405434 405905 407319 410107 410550 411646 412746 413195 416343 416618 416940 418994 420636 420714
421127 422382 423117 424035 426047 427621 428176 428380 428679 429514 430111 430544 433023 433524 434406 435338 435969 437332 438859 439246
 439903 440643 440664 440784 441178 442937 443086 443587 443824 444026 444168 445303 448339 449095 450858 451096 451133 451452 451931 452367
  452689 452780 452802 455065 456170 458065 458454 458477 459197 459952 460194 460543 460642 460701 461201 463921 465885 467340 467481 467925
   469024 472707 472766 473820 473918 474235 475098 475561 476434 476469 476493 477003 477089 478957 479050 480432 482122 483085 483845 484329
    484717 485310 486993 487160 488328 488674 488676 488736 489001 489168 491485 491978 492287 498464 498612 498821 499086 499741 500193 500198 502047 505239 505703 506139 509044 513309 513409 514340 514361 515601 515704 516326 518697 518765 518906 522396 522445 523589 524479 524686 527127 529920 532189 533691 534603 534993 535633 536286 536371 539644 540137 540346 541867 542114 543508 543596 543918 545274 546663 546944 547641 547681 548239 549206 550247 550572 551131 551570 554849 555041 555259 555378 555991 556563 556790 558025 559396 560566 561504 563030 563920 566684 568232 571434 571789 573602 574045 574520 575756 576393 577332 577977 578161 578595 578837 580663 581247 583283 584154 585492 585895 586323 586660 587511 588928 589666 590499 590617 590837 591227 592117 592535 592799 593140 594895 595650 596306 596456 597703 598379 601358 601514 602093 602151 603150 603955 605582 608144 608383 608813 608831 611996 612068 612089 612309 617160 617330 617686 618158 618354 619464 619540 620008 621433 621441 622158 622818 622908 624380 624728 626307 628629 630162 630335 632443 632935 633574 634549 635629 635720 635755 635886 636052 636124 636989 639492 640416 640879 642639 645305 645443 646341 647392 647395 648797 650992 653269 654270 654361 655248 655920 656472 656901 658104 658699 658845 659652 659865 661548 662156 662858 663101 663578 663971 664152 664222 667204 668867 669469 669887 670219 673063 674073 675475 675662 676086 676087 676113 676487 681461 682103 685317 686420 686589 687661 689493 690366 690512 696140 697352 697385 698220 698604 699549 701825 702395 702592 703797 704511 705077 705940 706452 707480 709334 710259 710451 711076 713847 714983 717015 717440 719678 721448 723057 724342 724968 726875 726887 726893 727324 728454 730822 731332 734632 735456 736792 737711 739777 741550 742417 742956 744788 744810 745180 746069 746094 746242 747692 748280 748350 748837 749664 749721 750359 750788 752831 754391 754675 756956 758675 759554 760823 762395 762877 765063 765069 765257 766321 766462 766541 766915 766955 767869 768414 768449 768801 768945 768982 769504 770330 772171 772291 772488 772680 773780 775622 775776 776114 777913 782015 784012 784500 784504 784626 784669 784732 785013 786401 786438 787598 788421 788672 789182 790620 790702 791090 792899 794111 795281 796869 796890 796967 797034 798837 798872 799474 800171 801315 802805 802893 803506 803816 804310 805776 805967 806260 807634 809310 813848 814519 814631 815471 817496 818632 819121 820777 823583 823955 824043 827288 829129 829920 831681 833397 833773 834875 835003 835939 836372 837348 837857 838878 839524 840837 841174 841798 842199 843373 844867 845251 846329 847067 847390 848295 850389 852045 853141 854280 856586 856987 859422 861508 862875 865463 866803 868281 870722 871267 871743 871924 872838 873443 874459 875135 875657 875782 876800 877483 879121 881330 881394 882898 882951 884442 884601 884607 886114 886855 889409 890376 890985 891241 892742 896419 897545 897761 897960 899025 899866 901049 901766 903430 903484 906137 907587 908597 908674 910243 915101 916174 917046 918134 918921 918976 918985 919975 920700 922977 923648 924027 924494 924970 927135 927672 927866 929024 929214 930541 932389 932589 933354 935194 939526 940347 941048 941958 944082 944909 945620 947163 947203 947885 947999 948709 949048 951113 951281 951815 952461 952630 955768 956592 956668 961982 963586 964187 965474 965522 966768 966887 967252 967756 968283 971512 972090 974552 975928 976565 977002 977463 978133 979188 979396 980020 980747 981958 983232 983665 983992 984401 984871 986379 986925 987632 989533 991482 995502 997629 997855 998182 998436