932389 489168 542114 593140 13793 944082 423117 966887 750359 707480 242331 546663 314033 26130 758675 444168 434406 619464 919975 249753 583283
735456 881330 398689 11874 746069 224380 663971 659652 871743 555378 247644 150008 452367 655920 768449 359140 405905 102137 750788 373880 891241
991482 293518 459952 255064 467340 278339 342480 587511 192753 440643 505703 784504 773780 559396 622158 61354 772171 279611 81640 22963 234390
134930 622818 269589 927135 443824 766321 598379 514361 213654 263960 65002 310434 18046 555041 873443 443587 611996 268961 46525 139052 592799
560566 238525 663578 422382 479050 492287 145331 698604 15695 632443 730822 724342 870722 772291 164750 837857 540137 889409 843373 382079 505239
533691 253106 798872 224677 84369 689493 123315 62328 834875 927672 784012 125439 394188 948709 98013 979188 754675 836372 98391 246744 682103
252515 848295 389560 487160 768414 536371 543596 249651 257526 187100 636052 956668 662156 624380 847067 14658 332453 81703 362614 430544 385652
100459 998436 286152 653269 302545 452780 568232 476493 762395 801315 391302 522445 786438 187494 33173 398382 449095 203034 829920 125364 440784
956592 575756 852045 558025 133540 286359 899025 381721 73787 460701 211009 473820 908674 311183 765257 766955 105364 702395 142399 659865 476434
951113 117220 263538 890985 164474 136671 300861 234322 820777 307143 846329 980747 88715 403480 561504 749664 52464 247417 721448 290086 831681
929214 473918 70524 759554 965474 318987 856586 115791 48906 578161 89411 488736 393286 483085 216868 901766 742417 980020 263924 635629 76622
401271 979396 7002 89482 500193 196462 932589 137151 798837 736792 532189 341452 784626 737711 929024 581247 391568 635886 746242 217357 766915
804310 601514 297750 871924 908597 770330 837348 277773 367265 439246 416618 247723 451452 467481 164806 541867 50031 986925 701825 63071 987632
676113 658699 451096 789182 420714 739777 947163 477089 802805 484329 947885 833773 617160 618354 44810 997629 768982 814519 796967 547641 475561
67962 590837 965522 268968 285802 170911 211843 98832 52959 854280 805967 128317 475098 548239 370375 647392 119048 75916 72067 886855 103166
212370 748837 935194 924027 484717 856987 65241 85546 647395 250652 174305 823583 703797 984871 322726 287127 97180 257801 658104 272762 924494
978133 588928 261082 975928 230571 513409 334131 339330 866803 315737 635755 805776 547681 608383 302161 961982 819121 731332 502047 554849 70953
437332 97849 429514 216667 498612 747692 105219 334626 947203 112434 515601 41250 540346 393387 776114 332938 790702 168099 664222 807634 491978
608144 250312 69759 289880 101459 727324 784732 377590 603955 529920 192513 424035 602151 295060 32589 983665 438859 39860 726893 984401 633574
881394 467925 944909 329516 536286 472707 903430 27384 876800 788672 920700 594895 584154 262240 667204 768801 803816 766462 212241 918921 897761
169539 687661 371402 833397 809310 411646 24849 354510 986379 259203 676087 452689 334862 709334 472766 420636 150326 456170 461201 597703 636124
696140 339526 155621 590499 48164 784669 22209 760823 418994 426047 910243 655248 47891 435969 190219 151406 835003 285665 193778 41948 777913
656901 952461 52974 955768 546944 534603 840837 221370 285839 318932 58183 648797 850389 576393 46185 624728 302309 918985 550247 243324 410550 814631 209288 433524 40749 676086 756956 765063 813848 48639 75647 344467 275951 428679 578837 399057 744788 221708 601358 628629 795281 728454 922977 802893 345694 620008 267026 460543 29081 349789 608813 401677 765069 391565 95562 768945 741550 555991 251273 845251 749721 407319 853141 86000 563030 395935 871267 452802 527127 782015 951281 428380 136184 135934 829129 459197 794111 383200 64893 166842 884442 209504 933354 498821 354469 634549 383287 221162 202275 675662 945620 603150 204994 220055 155069 480432 232410 33268 343607 797034 346860 792899 67727 640879 164580 148700 498464 397068 50200 67089 670219 724968 635720 966768 10941 788421 847390 654270 995502 608831 350509 474235 430111 386825 105076 460642 360729 785013 441178 714983 323954 744810 194865 612089 697352 49773 784500 524479 685317 232987 662858 268253 551131 977002 645443 543918 882951 518765 354199 772680 171345 333199 150764 767869 676487 397716 916174 617686 875782 574045 135095 592535 710259 488674 841798 918976 539644 580663 395209 488328 590617 321481 705077 786401 787598 769504 571434 577977 207016 699549 463921 806260 636989 518906 630335 476469 47791 605582 617330 675475 726887 818632 563920 998182 451931 723057 211340 442937 482122 458477 94979 841174 903484 971512 983992 181120 861508 697385 989533 347378 669887 577332 364748 589666 136981 460194 157575 305538 341941 288984 224701 410107 270618 974552 872838 156593 435338 279928 376419 639492 377938 400750 24001 477003 571789 796869 509044 664152 281500 148070 316414 941048 478957 630162 388167 383602 445303 256293 514340 483845 868281 596306 157906 49132 983232 924970 621433 874459 191071 717015 800171 923648 307574 196890 488676 263172 930541 586323 897545 412746 865463 89399 824043 742956 91218 455065 269443 626307 668867 896419 976565 499741 522396 125147 443086 216326 949048 298721 890376 963586 296891 602093 844867 324686 967252 381459 257931 612068 105915 297536 549206 95605 681461 591227 95492 746094 766541 632935 171743 952630 219 148413 153754 416940 690366 706452 619540 43370 578595 968283 705940 95494 663101 964187 399500 327758 161036 713847 754391 216521 674073 661548 282108 545274 102389 448339 450858 859422 884607 566684 10556 266346 790620 556563 592117 72719 433023 491485 178306 748280 775776 901049 341820 772488 775622 231232 427621 947999 704511 500198 165416 325267 839524 215609 506139 645305 440664 997855 384445 726875 237639 327514 444026 702592 278825 293892 711076 518697 3582 99733 271097 50576 110608 796890 286497 596456 917046 294653 815471 573602 401613 595650 915101 13924 752831 523589 882898 535633 719678 380926 669469 199301 892742 373182 359800 817496 469024 803506 951815 827288 280027 513309 656472 133777 823955 200351 2211 981958 698220 791090 339145 229942 458454 65192 842199 899866 292104 650992 1409 835939 941958 534993 489001 253054 745180 204267 352663 879121 115042 972090 717440 762877 515704 543508 621441 862875 875657 287847 886114 78401 214985 371966 612309 622908 884601 940347 94005 210389 439903 262939 311562 524686 690512 376183 388674 135588 734632 38399 918134 967756 499086 485310 550572 977463 352371 336027 458065 428176 486993 185236 451133 927866 1645 276290 177968 686420 104598 654361 204697 556790 305382 516326 413195 710451 748350 309393 421127 416343 205899 187867 377015 897960 646341 838878 170542 673063 244460 551570 877483 264397 195019 907587 585492 61328 254583 296733 686589 465885 642639 175651 640416 658845 555259 161457 164388 799474 618158 875135 906137 574520 63397 85598 12343 939526 585895 405434 586660 325037